000073
000173
000273
000373
000473
000573
000673
000773
000873
000973
001073
001173
001273
001373
001473
001573
001673
001773
001873
001973
002073
002173
002273
002373
002473
002573
002673
002773
002873
002973
003073
003173
003273
003373
003473
003573
003673
003773
003873
003973
004073
004173
004273
004373
004473
004573
004673
004773
004873
004973
005073
005173
005273
005373
005473
005573
005673
005773
005873
005973
006073
006173
006273
006373
006473
006573
006673
006773
006873
006973
007073
007173
007273
007373
007473
007573
007673
007773
007873
007973
008073
008173
008273
008373
008473
008573
008673
008773
008873
008973
009073
009173
009273
009373
009473
009573
009673
009773
009873
009973
010073
010173
010273
010373
010473
010573
010673
010773
010873
010973
011073
011173
011273
011373
011473
011573
011673
011773
011873
011973
012073
012173
012273
012373
012473
012573
012673
012773
012873
012973
013073
013173
013273
013373
013473
013573
013673
013773
013873
013973
014073
014173
014273
014373
014473
014573
014673
014773
014873
014973
015073
015173
015273
015373
015473
015573
015673
015773
015873
015973
016073
016173
016273
016373
016473
016573
016673
016773
016873
016973
017073
017173
017273
017373
017473
017573
017673
017773
017873
017973
018073
018173
018273
018373
018473
018573
018673
018773
018873
018973
019073
019173
019273
019373
019473
019573
019673
019773
019873
019973
020073
020173
020273
020373
020473
020573
020673
020773
020873
020973
021073
021173
021273
021373
021473
021573
021673
021773
021873
021973
022073
022173
022273
022373
022473
022573
022673
022773
022873
022973
023073
023173
023273
023373
023473
023573
023673
023773
023873
023973
024073
024173
024273
024373
024473
024573
024673
024773
024873
024973
025073
025173
025273
025373
025473
025573
025673
025773
025873
025973
026073
026173
026273
026373
026473
026573
026673
026773
026873
026973
027073
027173
027273
027373
027473
027573
027673
027773
027873
027973
028073
028173
028273
028373
028473
028573
028673
028773
028873
028973
029073
029173
029273
029373
029473
029573
029673
029773
029873
029973
030073
030173
030273
030373
030473
030573
030673
030773
030873
030973
031073
031173
031273
031373
031473
031573
031673
031773
031873
031973
032073
032173
032273
032373
032473
032573
032673
032773
032873
032973
033073
033173
033273
033373
033473
033573
033673
033773
033873
033973
034073
034173
034273
034373
034473
034573
034673
034773
034873
034973
035073
035173
035273
035373
035473
035573
035673
035773
035873
035973
036073
036173
036273
036373
036473
036573
036673
036773
036873
036973
037073
037173
037273
037373
037473
037573
037673
037773
037873
037973
038073
038173
038273
038373
038473
038573
038673
038773
038873
038973
039073
039173
039273
039373
039473
039573
039673
039773
039873
039973
040073
040173
040273
040373
040473
040573
040673
040773
040873
040973
041073
041173
041273
041373
041473
041573
041673
041773
041873
041973
042073
042173
042273
042373
042473
042573
042673
042773
042873
042973
043073
043173
043273
043373
043473
043573
043673
043773
043873
043973
044073
044173
044273
044373
044473
044573
044673
044773
044873
044973
045073
045173
045273
045373
045473
045573
045673
045773
045873
045973
046073
046173
046273
046373
046473
046573
046673
046773
046873
046973
047073
047173
047273
047373
047473
047573
047673
047773
047873
047973
048073
048173
048273
048373
048473
048573
048673
048773
048873
048973
049073
049173
049273
049373
049473
049573
049673
049773
049873
049973
050073
050173
050273
050373
050473
050573
050673
050773
050873
050973
051073
051173
051273
051373
051473
051573
051673
051773
051873
051973
052073
052173
052273
052373
052473
052573
052673
052773
052873
052973
053073
053173
053273
053373
053473
053573
053673
053773
053873
053973
054073
054173
054273
054373
054473
054573
054673
054773
054873
054973
055073
055173
055273
055373
055473
055573
055673
055773
055873
055973
056073
056173
056273
056373
056473
056573
056673
056773
056873
056973
057073
057173
057273
057373
057473
057573
057673
057773
057873
057973
058073
058173
058273
058373
058473
058573
058673
058773
058873
058973
059073
059173
059273
059373
059473
059573
059673
059773
059873
059973
060073
060173
060273
060373
060473
060573
060673
060773
060873
060973
061073
061173
061273
061373
061473
061573
061673
061773
061873
061973
062073
062173
062273
062373
062473
062573
062673
062773
062873
062973
063073
063173
063273
063373
063473
063573
063673
063773
063873
063973
064073
064173
064273
064373
064473
064573
064673
064773
064873
064973
065073
065173
065273
065373
065473
065573
065673
065773
065873
065973
066073
066173
066273
066373
066473
066573
066673
066773
066873
066973
067073
067173
067273
067373
067473
067573
067673
067773
067873
067973
068073
068173
068273
068373
068473
068573
068673
068773
068873
068973
069073
069173
069273
069373
069473
069573
069673
069773
069873
069973
070073
070173
070273
070373
070473
070573
070673
070773
070873
070973
071073
071173
071273
071373
071473
071573
071673
071773
071873
071973
072073
072173
072273
072373
072473
072573
072673
072773
072873
072973
073073
073173
073273
073373
073473
073573
073673
073773
073873
073973
074073
074173
074273
074373
074473
074573
074673
074773
074873
074973
075073
075173
075273
075373
075473
075573
075673
075773
075873
075973
076073
076173
076273
076373
076473
076573
076673
076773
076873
076973
077073
077173
077273
077373
077473
077573
077673
077773
077873
077973
078073
078173
078273
078373
078473
078573
078673
078773
078873
078973
079073
079173
079273
079373
079473
079573
079673
079773
079873
079973
080073
080173
080273
080373
080473
080573
080673
080773
080873
080973
081073
081173
081273
081373
081473
081573
081673
081773
081873
081973
082073
082173
082273
082373
082473
082573
082673
082773
082873
082973
083073
083173
083273
083373
083473
083573
083673
083773
083873
083973
084073
084173
084273
084373
084473
084573
084673
084773
084873
084973
085073
085173
085273
085373
085473
085573
085673
085773
085873
085973
086073
086173
086273
086373
086473
086573
086673
086773
086873
086973
087073
087173
087273
087373
087473
087573
087673
087773
087873
087973
088073
088173
088273
088373
088473
088573
088673
088773
088873
088973
089073
089173
089273
089373
089473
089573
089673
089773
089873
089973
090073
090173
090273
090373
090473
090573
090673
090773
090873
090973
091073
091173
091273
091373
091473
091573
091673
091773
091873
091973
092073
092173
092273
092373
092473
092573
092673
092773
092873
092973
093073
093173
093273
093373
093473
093573
093673
093773
093873
093973
094073
094173
094273
094373
094473
094573
094673
094773
094873
094973
095073
095173
095273
095373
095473
095573
095673
095773
095873
095973
096073
096173
096273
096373
096473
096573
096673
096773
096873
096973
097073
097173
097273
097373
097473
097573
097673
097773
097873
097973
098073
098173
098273
098373
098473
098573
098673
098773
098873
098973
099073
099173
099273
099373
099473
099573
099673
099773
099873
099973
100073
100173
100273
100373
100473
100573
100673
100773
100873
100973
101073
101173
101273
101373
101473
101573
101673
101773
101873
101973
102073
102173
102273
102373
102473
102573
102673
102773
102873
102973
103073
103173
103273
103373
103473
103573
103673
103773
103873
103973
104073
104173
104273
104373
104473
104573
104673
104773
104873
104973
105073
105173
105273
105373
105473
105573
105673
105773
105873
105973
106073
106173
106273
106373
106473
106573
106673
106773
106873
106973
107073
107173
107273
107373
107473
107573
107673
107773
107873
107973
108073
108173
108273
108373
108473
108573
108673
108773
108873
108973
109073
109173
109273
109373
109473
109573
109673
109773
109873
109973
110073
110173
110273
110373
110473
110573
110673
110773
110873
110973
111073
111173
111273
111373
111473
111573
111673
111773
111873
111973
112073
112173
112273
112373
112473
112573
112673
112773
112873
112973
113073
113173
113273
113373
113473
113573
113673
113773
113873
113973
114073
114173
114273
114373
114473
114573
114673
114773
114873
114973
115073
115173
115273
115373
115473
115573
115673
115773
115873
115973
116073
116173
116273
116373
116473
116573
116673
116773
116873
116973
117073
117173
117273
117373
117473
117573
117673
117773
117873
117973
118073
118173
118273
118373
118473
118573
118673
118773
118873
118973
119073
119173
119273
119373
119473
119573
119673
119773
119873
119973
120073
120173
120273
120373
120473
120573
120673
120773
120873
120973
121073
121173
121273
121373
121473
121573
121673
121773
121873
121973
122073
122173
122273
122373
122473
122573
122673
122773
122873
122973
123073
123173
123273
123373
123473
123573
123673
123773
123873
123973
124073
124173
124273
124373
124473
124573
124673
124773
124873
124973
125073
125173
125273
125373
125473
125573
125673
125773
125873
125973
126073
126173
126273
126373
126473
126573
126673
126773
126873
126973
127073
127173
127273
127373
127473
127573
127673
127773
127873
127973
128073
128173
128273
128373
128473
128573
128673
128773
128873
128973
129073
129173
129273
129373
129473
129573
129673
129773
129873
129973
130073
130173
130273
130373
130473
130573
130673
130773
130873
130973
131073
131173
131273
131373
131473
131573
131673
131773
131873
131973
132073
132173
132273
132373
132473
132573
132673
132773
132873
132973
133073
133173
133273
133373
133473
133573
133673
133773
133873
133973
134073
134173
134273
134373
134473
134573
134673
134773
134873
134973
135073
135173
135273
135373
135473
135573
135673
135773
135873
135973
136073
136173
136273
136373
136473
136573
136673
136773
136873
136973
137073
137173
137273
137373
137473
137573
137673
137773
137873
137973
138073
138173
138273
138373
138473
138573
138673
138773
138873
138973
139073
139173
139273
139373
139473
139573
139673
139773
139873
139973
140073
140173
140273
140373
140473
140573
140673
140773
140873
140973
141073
141173
141273
141373
141473
141573
141673
141773
141873
141973
142073
142173
142273
142373
142473
142573
142673
142773
142873
142973
143073
143173
143273
143373
143473
143573
143673
143773
143873
143973
144073
144173
144273
144373
144473
144573
144673
144773
144873
144973
145073
145173
145273
145373
145473
145573
145673
145773
145873
145973
146073
146173
146273
146373
146473
146573
146673
146773
146873
146973
147073
147173
147273
147373
147473
147573
147673
147773
147873
147973
148073
148173
148273
148373
148473
148573
148673
148773
148873
148973
149073
149173
149273
149373
149473
149573
149673
149773
149873
149973
150073
150173
150273
150373
150473
150573
150673
150773
150873
150973
151073
151173
151273
151373
151473
151573
151673
151773
151873
151973
152073
152173
152273
152373
152473
152573
152673
152773
152873
152973
153073
153173
153273
153373
153473
153573
153673
153773
153873
153973
154073
154173
154273
154373
154473
154573
154673
154773
154873
154973
155073
155173
155273
155373
155473
155573
155673
155773
155873
155973
156073
156173
156273
156373
156473
156573
156673
156773
156873
156973
157073
157173
157273
157373
157473
157573
157673
157773
157873
157973
158073
158173
158273
158373
158473
158573
158673
158773
158873
158973
159073
159173
159273
159373
159473
159573
159673
159773
159873
159973
160073
160173
160273
160373
160473
160573
160673
160773
160873
160973
161073
161173
161273
161373
161473
161573
161673
161773
161873
161973
162073
162173
162273
162373
162473
162573
162673
162773
162873
162973
163073
163173
163273
163373
163473
163573
163673
163773
163873
163973
164073
164173
164273
164373
164473
164573
164673
164773
164873
164973
165073
165173
165273
165373
165473
165573
165673
165773
165873
165973
166073
166173
166273
166373
166473
166573
166673
166773
166873
166973
167073
167173
167273
167373
167473
167573
167673
167773
167873
167973
168073
168173
168273
168373
168473
168573
168673
168773
168873
168973
169073
169173
169273
169373
169473
169573
169673
169773
169873
169973
170073
170173
170273
170373
170473
170573
170673
170773
170873
170973
171073
171173
171273
171373
171473
171573
171673
171773
171873
171973
172073
172173
172273
172373
172473
172573
172673
172773
172873
172973
173073
173173
173273
173373
173473
173573
173673
173773
173873
173973
174073
174173
174273
174373
174473
174573
174673
174773
174873
174973
175073
175173
175273
175373
175473
175573
175673
175773
175873
175973
176073
176173
176273
176373
176473
176573
176673
176773
176873
176973
177073
177173
177273
177373
177473
177573
177673
177773
177873
177973
178073
178173
178273
178373
178473
178573
178673
178773
178873
178973
179073
179173
179273
179373
179473
179573
179673
179773
179873
179973
180073
180173
180273
180373
180473
180573
180673
180773
180873
180973
181073
181173
181273
181373
181473
181573
181673
181773
181873
181973
182073
182173
182273
182373
182473
182573
182673
182773
182873
182973
183073
183173
183273
183373
183473
183573
183673
183773
183873
183973
184073
184173
184273
184373
184473
184573
184673
184773
184873
184973
185073
185173
185273
185373
185473
185573
185673
185773
185873
185973
186073
186173
186273
186373
186473
186573
186673
186773
186873
186973
187073
187173
187273
187373
187473
187573
187673
187773
187873
187973
188073
188173
188273
188373
188473
188573
188673
188773
188873
188973
189073
189173
189273
189373
189473
189573
189673
189773
189873
189973
190073
190173
190273
190373
190473
190573
190673
190773
190873
190973
191073
191173
191273
191373
191473
191573
191673
191773
191873
191973
192073
192173
192273
192373
192473
192573
192673
192773
192873
192973
193073
193173
193273
193373
193473
193573
193673
193773
193873
193973
194073
194173
194273
194373
194473
194573
194673
194773
194873
194973
195073
195173
195273
195373
195473
195573
195673
195773
195873
195973
196073
196173
196273
196373
196473
196573
196673
196773
196873
196973
197073
197173
197273
197373
197473
197573
197673
197773
197873
197973
198073
198173
198273
198373
198473
198573
198673
198773
198873
198973
199073
199173
199273
199373
199473
199573
199673
199773
199873
199973
200073
200173
200273
200373
200473
200573
200673
200773
200873
200973
201073
201173
201273
201373
201473
201573
201673
201773
201873
201973
202073
202173
202273
202373
202473
202573
202673
202773
202873
202973
203073
203173
203273
203373
203473
203573
203673
203773
203873
203973
204073
204173
204273
204373
204473
204573
204673
204773
204873
204973
205073
205173
205273
205373
205473
205573
205673
205773
205873
205973
206073
206173
206273
206373
206473
206573
206673
206773
206873
206973
207073
207173
207273
207373
207473
207573
207673
207773
207873
207973
208073
208173
208273
208373
208473
208573
208673
208773
208873
208973
209073
209173
209273
209373
209473
209573
209673
209773
209873
209973
210073
210173
210273
210373
210473
210573
210673
210773
210873
210973
211073
211173
211273
211373
211473
211573
211673
211773
211873
211973
212073
212173
212273
212373
212473
212573
212673
212773
212873
212973
213073
213173
213273
213373
213473
213573
213673
213773
213873
213973
214073
214173
214273
214373
214473
214573
214673
214773
214873
214973
215073
215173
215273
215373
215473
215573
215673
215773
215873
215973
216073
216173
216273
216373
216473
216573
216673
216773
216873
216973
217073
217173
217273
217373
217473
217573
217673
217773
217873
217973
218073
218173
218273
218373
218473
218573
218673
218773
218873
218973
219073
219173
219273
219373
219473
219573
219673
219773
219873
219973
220073
220173
220273
220373
220473
220573
220673
220773
220873
220973
221073
221173
221273
221373
221473
221573
221673
221773
221873
221973
222073
222173
222273
222373
222473
222573
222673
222773
222873
222973
223073
223173
223273
223373
223473
223573
223673
223773
223873
223973
224073
224173
224273
224373
224473
224573
224673
224773
224873
224973
225073
225173
225273
225373
225473
225573
225673
225773
225873
225973
226073
226173
226273
226373
226473
226573
226673
226773
226873
226973
227073
227173
227273
227373
227473
227573
227673
227773
227873
227973
228073
228173
228273
228373
228473
228573
228673
228773
228873
228973
229073
229173
229273
229373
229473
229573
229673
229773
229873
229973
230073
230173
230273
230373
230473
230573
230673
230773
230873
230973
231073
231173
231273
231373
231473
231573
231673
231773
231873
231973
232073
232173
232273
232373
232473
232573
232673
232773
232873
232973
233073
233173
233273
233373
233473
233573
233673
233773
233873
233973
234073
234173
234273
234373
234473
234573
234673
234773
234873
234973
235073
235173
235273
235373
235473
235573
235673
235773
235873
235973
236073
236173
236273
236373
236473
236573
236673
236773
236873
236973
237073
237173
237273
237373
237473
237573
237673
237773
237873
237973
238073
238173
238273
238373
238473
238573
238673
238773
238873
238973
239073
239173
239273
239373
239473
239573
239673
239773
239873
239973
240073
240173
240273
240373
240473
240573
240673
240773
240873
240973
241073
241173
241273
241373
241473
241573
241673
241773
241873
241973
242073
242173
242273
242373
242473
242573
242673
242773
242873
242973
243073
243173
243273
243373
243473
243573
243673
243773
243873
243973
244073
244173
244273
244373
244473
244573
244673
244773
244873
244973
245073
245173
245273
245373
245473
245573
245673
245773
245873
245973
246073
246173
246273
246373
246473
246573
246673
246773
246873
246973
247073
247173
247273
247373
247473
247573
247673
247773
247873
247973
248073
248173
248273
248373
248473
248573
248673
248773
248873
248973
249073
249173
249273
249373
249473
249573
249673
249773
249873
249973
250073
250173
250273
250373
250473
250573
250673
250773
250873
250973
251073
251173
251273
251373
251473
251573
251673
251773
251873
251973
252073
252173
252273
252373
252473
252573
252673
252773
252873
252973
253073
253173
253273
253373
253473
253573
253673
253773
253873
253973
254073
254173
254273
254373
254473
254573
254673
254773
254873
254973
255073
255173
255273
255373
255473
255573
255673
255773
255873
255973
256073
256173
256273
256373
256473
256573
256673
256773
256873
256973
257073
257173
257273
257373
257473
257573
257673
257773
257873
257973
258073
258173
258273
258373
258473
258573
258673
258773
258873
258973
259073
259173
259273
259373
259473
259573
259673
259773
259873
259973
260073
260173
260273
260373
260473
260573
260673
260773
260873
260973
261073
261173
261273
261373
261473
261573
261673
261773
261873
261973
262073
262173
262273
262373
262473
262573
262673
262773
262873
262973
263073
263173
263273
263373
263473
263573
263673
263773
263873
263973
264073
264173
264273
264373
264473
264573
264673
264773
264873
264973
265073
265173
265273
265373
265473
265573
265673
265773
265873
265973
266073
266173
266273
266373
266473
266573
266673
266773
266873
266973
267073
267173
267273
267373
267473
267573
267673
267773
267873
267973
268073
268173
268273
268373
268473
268573
268673
268773
268873
268973
269073
269173
269273
269373
269473
269573
269673
269773
269873
269973
270073
270173
270273
270373
270473
270573
270673
270773
270873
270973
271073
271173
271273
271373
271473
271573
271673
271773
271873
271973
272073
272173
272273
272373
272473
272573
272673
272773
272873
272973
273073
273173
273273
273373
273473
273573
273673
273773
273873
273973
274073
274173
274273
274373
274473
274573
274673
274773
274873
274973
275073
275173
275273
275373
275473
275573
275673
275773
275873
275973
276073
276173
276273
276373
276473
276573
276673
276773
276873
276973
277073
277173
277273
277373
277473
277573
277673
277773
277873
277973
278073
278173
278273
278373
278473
278573
278673
278773
278873
278973
279073
279173
279273
279373
279473
279573
279673
279773
279873
279973
280073
280173
280273
280373
280473
280573
280673
280773
280873
280973
281073
281173
281273
281373
281473
281573
281673
281773
281873
281973
282073
282173
282273
282373
282473
282573
282673
282773
282873
282973
283073
283173
283273
283373
283473
283573
283673
283773
283873
283973
284073
284173
284273
284373
284473
284573
284673
284773
284873
284973
285073
285173
285273
285373
285473
285573
285673
285773
285873
285973
286073
286173
286273
286373
286473
286573
286673
286773
286873
286973
287073
287173
287273
287373
287473
287573
287673
287773
287873
287973
288073
288173
288273
288373
288473
288573
288673
288773
288873
288973
289073
289173
289273
289373
289473
289573
289673
289773
289873
289973
290073
290173
290273
290373
290473
290573
290673
290773
290873
290973
291073
291173
291273
291373
291473
291573
291673
291773
291873
291973
292073
292173
292273
292373
292473
292573
292673
292773
292873
292973
293073
293173
293273
293373
293473
293573
293673
293773
293873
293973
294073
294173
294273
294373
294473
294573
294673
294773
294873
294973
295073
295173
295273
295373
295473
295573
295673
295773
295873
295973
296073
296173
296273
296373
296473
296573
296673
296773
296873
296973
297073
297173
297273
297373
297473
297573
297673
297773
297873
297973
298073
298173
298273
298373
298473
298573
298673
298773
298873
298973
299073
299173
299273
299373
299473
299573
299673
299773
299873
299973
300073
300173
300273
300373
300473
300573
300673
300773
300873
300973
301073
301173
301273
301373
301473
301573
301673
301773
301873
301973
302073
302173
302273
302373
302473
302573
302673
302773
302873
302973
303073
303173
303273
303373
303473
303573
303673
303773
303873
303973
304073
304173
304273
304373
304473
304573
304673
304773
304873
304973
305073
305173
305273
305373
305473
305573
305673
305773
305873
305973
306073
306173
306273
306373
306473
306573
306673
306773
306873
306973
307073
307173
307273
307373
307473
307573
307673
307773
307873
307973
308073
308173
308273
308373
308473
308573
308673
308773
308873
308973
309073
309173
309273
309373
309473
309573
309673
309773
309873
309973
310073
310173
310273
310373
310473
310573
310673
310773
310873
310973
311073
311173
311273
311373
311473
311573
311673
311773
311873
311973
312073
312173
312273
312373
312473
312573
312673
312773
312873
312973
313073
313173
313273
313373
313473
313573
313673
313773
313873
313973
314073
314173
314273
314373
314473
314573
314673
314773
314873
314973
315073
315173
315273
315373
315473
315573
315673
315773
315873
315973
316073
316173
316273
316373
316473
316573
316673
316773
316873
316973
317073
317173
317273
317373
317473
317573
317673
317773
317873
317973
318073
318173
318273
318373
318473
318573
318673
318773
318873
318973
319073
319173
319273
319373
319473
319573
319673
319773
319873
319973
320073
320173
320273
320373
320473
320573
320673
320773
320873
320973
321073
321173
321273
321373
321473
321573
321673
321773
321873
321973
322073
322173
322273
322373
322473
322573
322673
322773
322873
322973
323073
323173
323273
323373
323473
323573
323673
323773
323873
323973
324073
324173
324273
324373
324473
324573
324673
324773
324873
324973
325073
325173
325273
325373
325473
325573
325673
325773
325873
325973
326073
326173
326273
326373
326473
326573
326673
326773
326873
326973
327073
327173
327273
327373
327473
327573
327673
327773
327873
327973
328073
328173
328273
328373
328473
328573
328673
328773
328873
328973
329073
329173
329273
329373
329473
329573
329673
329773
329873
329973
330073
330173
330273
330373
330473
330573
330673
330773
330873
330973
331073
331173
331273
331373
331473
331573
331673
331773
331873
331973
332073
332173
332273
332373
332473
332573
332673
332773
332873
332973
333073
333173
333273
333373
333473
333573
333673
333773
333873
333973
334073
334173
334273
334373
334473
334573
334673
334773
334873
334973
335073
335173
335273
335373
335473
335573
335673
335773
335873
335973
336073
336173
336273
336373
336473
336573
336673
336773
336873
336973
337073
337173
337273
337373
337473
337573
337673
337773
337873
337973
338073
338173
338273
338373
338473
338573
338673
338773
338873
338973
339073
339173
339273
339373
339473
339573
339673
339773
339873
339973
340073
340173
340273
340373
340473
340573
340673
340773
340873
340973
341073
341173
341273
341373
341473
341573
341673
341773
341873
341973
342073
342173
342273
342373
342473
342573
342673
342773
342873
342973
343073
343173
343273
343373
343473
343573
343673
343773
343873
343973
344073
344173
344273
344373
344473
344573
344673
344773
344873
344973
345073
345173
345273
345373
345473
345573
345673
345773
345873
345973
346073
346173
346273
346373
346473
346573
346673
346773
346873
346973
347073
347173
347273
347373
347473
347573
347673
347773
347873
347973
348073
348173
348273
348373
348473
348573
348673
348773
348873
348973
349073
349173
349273
349373
349473
349573
349673
349773
349873
349973
350073
350173
350273
350373
350473
350573
350673
350773
350873
350973
351073
351173
351273
351373
351473
351573
351673
351773
351873
351973
352073
352173
352273
352373
352473
352573
352673
352773
352873
352973
353073
353173
353273
353373
353473
353573
353673
353773
353873
353973
354073
354173
354273
354373
354473
354573
354673
354773
354873
354973
355073
355173
355273
355373
355473
355573
355673
355773
355873
355973
356073
356173
356273
356373
356473
356573
356673
356773
356873
356973
357073
357173
357273
357373
357473
357573
357673
357773
357873
357973
358073
358173
358273
358373
358473
358573
358673
358773
358873
358973
359073
359173
359273
359373
359473
359573
359673
359773
359873
359973
360073
360173
360273
360373
360473
360573
360673
360773
360873
360973
361073
361173
361273
361373
361473
361573
361673
361773
361873
361973
362073
362173
362273
362373
362473
362573
362673
362773
362873
362973
363073
363173
363273
363373
363473
363573
363673
363773
363873
363973
364073
364173
364273
364373
364473
364573
364673
364773
364873
364973
365073
365173
365273
365373
365473
365573
365673
365773
365873
365973
366073
366173
366273
366373
366473
366573
366673
366773
366873
366973
367073
367173
367273
367373
367473
367573
367673
367773
367873
367973
368073
368173
368273
368373
368473
368573
368673
368773
368873
368973
369073
369173
369273
369373
369473
369573
369673
369773
369873
369973
370073
370173
370273
370373
370473
370573
370673
370773
370873
370973
371073
371173
371273
371373
371473
371573
371673
371773
371873
371973
372073
372173
372273
372373
372473
372573
372673
372773
372873
372973
373073
373173
373273
373373
373473
373573
373673
373773
373873
373973
374073
374173
374273
374373
374473
374573
374673
374773
374873
374973
375073
375173
375273
375373
375473
375573
375673
375773
375873
375973
376073
376173
376273
376373
376473
376573
376673
376773
376873
376973
377073
377173
377273
377373
377473
377573
377673
377773
377873
377973
378073
378173
378273
378373
378473
378573
378673
378773
378873
378973
379073
379173
379273
379373
379473
379573
379673
379773
379873
379973
380073
380173
380273
380373
380473
380573
380673
380773
380873
380973
381073
381173
381273
381373
381473
381573
381673
381773
381873
381973
382073
382173
382273
382373
382473
382573
382673
382773
382873
382973
383073
383173
383273
383373
383473
383573
383673
383773
383873
383973
384073
384173
384273
384373
384473
384573
384673
384773
384873
384973
385073
385173
385273
385373
385473
385573
385673
385773
385873
385973
386073
386173
386273
386373
386473
386573
386673
386773
386873
386973
387073
387173
387273
387373
387473
387573
387673
387773
387873
387973
388073
388173
388273
388373
388473
388573
388673
388773
388873
388973
389073
389173
389273
389373
389473
389573
389673
389773
389873
389973
390073
390173
390273
390373
390473
390573
390673
390773
390873
390973
391073
391173
391273
391373
391473
391573
391673
391773
391873
391973
392073
392173
392273
392373
392473
392573
392673
392773
392873
392973
393073
393173
393273
393373
393473
393573
393673
393773
393873
393973
394073
394173
394273
394373
394473
394573
394673
394773
394873
394973
395073
395173
395273
395373
395473
395573
395673
395773
395873
395973
396073
396173
396273
396373
396473
396573
396673
396773
396873
396973
397073
397173
397273
397373
397473
397573
397673
397773
397873
397973
398073
398173
398273
398373
398473
398573
398673
398773
398873
398973
399073
399173
399273
399373
399473
399573
399673
399773
399873
399973
400073
400173
400273
400373
400473
400573
400673
400773
400873
400973
401073
401173
401273
401373
401473
401573
401673
401773
401873
401973
402073
402173
402273
402373
402473
402573
402673
402773
402873
402973
403073
403173
403273
403373
403473
403573
403673
403773
403873
403973
404073
404173
404273
404373
404473
404573
404673
404773
404873
404973
405073
405173
405273
405373
405473
405573
405673
405773
405873
405973
406073
406173
406273
406373
406473
406573
406673
406773
406873
406973
407073
407173
407273
407373
407473
407573
407673
407773
407873
407973
408073
408173
408273
408373
408473
408573
408673
408773
408873
408973
409073
409173
409273
409373
409473
409573
409673
409773
409873
409973
410073
410173
410273
410373
410473
410573
410673
410773
410873
410973
411073
411173
411273
411373
411473
411573
411673
411773
411873
411973
412073
412173
412273
412373
412473
412573
412673
412773
412873
412973
413073
413173
413273
413373
413473
413573
413673
413773
413873
413973
414073
414173
414273
414373
414473
414573
414673
414773
414873
414973
415073
415173
415273
415373
415473
415573
415673
415773
415873
415973
416073
416173
416273
416373
416473
416573
416673
416773
416873
416973
417073
417173
417273
417373
417473
417573
417673
417773
417873
417973
418073
418173
418273
418373
418473
418573
418673
418773
418873
418973
419073
419173
419273
419373
419473
419573
419673
419773
419873
419973
420073
420173
420273
420373
420473
420573
420673
420773
420873
420973
421073
421173
421273
421373
421473
421573
421673
421773
421873
421973
422073
422173
422273
422373
422473
422573
422673
422773
422873
422973
423073
423173
423273
423373
423473
423573
423673
423773
423873
423973
424073
424173
424273
424373
424473
424573
424673
424773
424873
424973
425073
425173
425273
425373
425473
425573
425673
425773
425873
425973
426073
426173
426273
426373
426473
426573
426673
426773
426873
426973
427073
427173
427273
427373
427473
427573
427673
427773
427873
427973
428073
428173
428273
428373
428473
428573
428673
428773
428873
428973
429073
429173
429273
429373
429473
429573
429673
429773
429873
429973
430073
430173
430273
430373
430473
430573
430673
430773
430873
430973
431073
431173
431273
431373
431473
431573
431673
431773
431873
431973
432073
432173
432273
432373
432473
432573
432673
432773
432873
432973
433073
433173
433273
433373
433473
433573
433673
433773
433873
433973
434073
434173
434273
434373
434473
434573
434673
434773
434873
434973
435073
435173
435273
435373
435473
435573
435673
435773
435873
435973
436073
436173
436273
436373
436473
436573
436673
436773
436873
436973
437073
437173
437273
437373
437473
437573
437673
437773
437873
437973
438073
438173
438273
438373
438473
438573
438673
438773
438873
438973
439073
439173
439273
439373
439473
439573
439673
439773
439873
439973
440073
440173
440273
440373
440473
440573
440673
440773
440873
440973
441073
441173
441273
441373
441473
441573
441673
441773
441873
441973
442073
442173
442273
442373
442473
442573
442673
442773
442873
442973
443073
443173
443273
443373
443473
443573
443673
443773
443873
443973
444073
444173
444273
444373
444473
444573
444673
444773
444873
444973
445073
445173
445273
445373
445473
445573
445673
445773
445873
445973
446073
446173
446273
446373
446473
446573
446673
446773
446873
446973
447073
447173
447273
447373
447473
447573
447673
447773
447873
447973
448073
448173
448273
448373
448473
448573
448673
448773
448873
448973
449073
449173
449273
449373
449473
449573
449673
449773
449873
449973
450073
450173
450273
450373
450473
450573
450673
450773
450873
450973
451073
451173
451273
451373
451473
451573
451673
451773
451873
451973
452073
452173
452273
452373
452473
452573
452673
452773
452873
452973
453073
453173
453273
453373
453473
453573
453673
453773
453873
453973
454073
454173
454273
454373
454473
454573
454673
454773
454873
454973
455073
455173
455273
455373
455473
455573
455673
455773
455873
455973
456073
456173
456273
456373
456473
456573
456673
456773
456873
456973
457073
457173
457273
457373
457473
457573
457673
457773
457873
457973
458073
458173
458273
458373
458473
458573
458673
458773
458873
458973
459073
459173
459273
459373
459473
459573
459673
459773
459873
459973
460073
460173
460273
460373
460473
460573
460673
460773
460873
460973
461073
461173
461273
461373
461473
461573
461673
461773
461873
461973
462073
462173
462273
462373
462473
462573
462673
462773
462873
462973
463073
463173
463273
463373
463473
463573
463673
463773
463873
463973
464073
464173
464273
464373
464473
464573
464673
464773
464873
464973
465073
465173
465273
465373
465473
465573
465673
465773
465873
465973
466073
466173
466273
466373
466473
466573
466673
466773
466873
466973
467073
467173
467273
467373
467473
467573
467673
467773
467873
467973
468073
468173
468273
468373
468473
468573
468673
468773
468873
468973
469073
469173
469273
469373
469473
469573
469673
469773
469873
469973
470073
470173
470273
470373
470473
470573
470673
470773
470873
470973
471073
471173
471273
471373
471473
471573
471673
471773
471873
471973
472073
472173
472273
472373
472473
472573
472673
472773
472873
472973
473073
473173
473273
473373
473473
473573
473673
473773
473873
473973
474073
474173
474273
474373
474473
474573
474673
474773
474873
474973
475073
475173
475273
475373
475473
475573
475673
475773
475873
475973
476073
476173
476273
476373
476473
476573
476673
476773
476873
476973
477073
477173
477273
477373
477473
477573
477673
477773
477873
477973
478073
478173
478273
478373
478473
478573
478673
478773
478873
478973
479073
479173
479273
479373
479473
479573
479673
479773
479873
479973
480073
480173
480273
480373
480473
480573
480673
480773
480873
480973
481073
481173
481273
481373
481473
481573
481673
481773
481873
481973
482073
482173
482273
482373
482473
482573
482673
482773
482873
482973
483073
483173
483273
483373
483473
483573
483673
483773
483873
483973
484073
484173
484273
484373
484473
484573
484673
484773
484873
484973
485073
485173
485273
485373
485473
485573
485673
485773
485873
485973
486073
486173
486273
486373
486473
486573
486673
486773
486873
486973
487073
487173
487273
487373
487473
487573
487673
487773
487873
487973
488073
488173
488273
488373
488473
488573
488673
488773
488873
488973
489073
489173
489273
489373
489473
489573
489673
489773
489873
489973
490073
490173
490273
490373
490473
490573
490673
490773
490873
490973
491073
491173
491273
491373
491473
491573
491673
491773
491873
491973
492073
492173
492273
492373
492473
492573
492673
492773
492873
492973
493073
493173
493273
493373
493473
493573
493673
493773
493873
493973
494073
494173
494273
494373
494473
494573
494673
494773
494873
494973
495073
495173
495273
495373
495473
495573
495673
495773
495873
495973
496073
496173
496273
496373
496473
496573
496673
496773
496873
496973
497073
497173
497273
497373
497473
497573
497673
497773
497873
497973
498073
498173
498273
498373
498473
498573
498673
498773
498873
498973
499073
499173
499273
499373
499473
499573
499673
499773
499873
499973
500073
500173
500273
500373
500473
500573
500673
500773
500873
500973
501073
501173
501273
501373
501473
501573
501673
501773
501873
501973
502073
502173
502273
502373
502473
502573
502673
502773
502873
502973
503073
503173
503273
503373
503473
503573
503673
503773
503873
503973
504073
504173
504273
504373
504473
504573
504673
504773
504873
504973
505073
505173
505273
505373
505473
505573
505673
505773
505873
505973
506073
506173
506273
506373
506473
506573
506673
506773
506873
506973
507073
507173
507273
507373
507473
507573
507673
507773
507873
507973
508073
508173
508273
508373
508473
508573
508673
508773
508873
508973
509073
509173
509273
509373
509473
509573
509673
509773
509873
509973
510073
510173
510273
510373
510473
510573
510673
510773
510873
510973
511073
511173
511273
511373
511473
511573
511673
511773
511873
511973
512073
512173
512273
512373
512473
512573
512673
512773
512873
512973
513073
513173
513273
513373
513473
513573
513673
513773
513873
513973
514073
514173
514273
514373
514473
514573
514673
514773
514873
514973
515073
515173
515273
515373
515473
515573
515673
515773
515873
515973
516073
516173
516273
516373
516473
516573
516673
516773
516873
516973
517073
517173
517273
517373
517473
517573
517673
517773
517873
517973
518073
518173
518273
518373
518473
518573
518673
518773
518873
518973
519073
519173
519273
519373
519473
519573
519673
519773
519873
519973
520073
520173
520273
520373
520473
520573
520673
520773
520873
520973
521073
521173
521273
521373
521473
521573
521673
521773
521873
521973
522073
522173
522273
522373
522473
522573
522673
522773
522873
522973
523073
523173
523273
523373
523473
523573
523673
523773
523873
523973
524073
524173
524273
524373
524473
524573
524673
524773
524873
524973
525073
525173
525273
525373
525473
525573
525673
525773
525873
525973
526073
526173
526273
526373
526473
526573
526673
526773
526873
526973
527073
527173
527273
527373
527473
527573
527673
527773
527873
527973
528073
528173
528273
528373
528473
528573
528673
528773
528873
528973
529073
529173
529273
529373
529473
529573
529673
529773
529873
529973
530073
530173
530273
530373
530473
530573
530673
530773
530873
530973
531073
531173
531273
531373
531473
531573
531673
531773
531873
531973
532073
532173
532273
532373
532473
532573
532673
532773
532873
532973
533073
533173
533273
533373
533473
533573
533673
533773
533873
533973
534073
534173
534273
534373
534473
534573
534673
534773
534873
534973
535073
535173
535273
535373
535473
535573
535673
535773
535873
535973
536073
536173
536273
536373
536473
536573
536673
536773
536873
536973
537073
537173
537273
537373
537473
537573
537673
537773
537873
537973
538073
538173
538273
538373
538473
538573
538673
538773
538873
538973
539073
539173
539273
539373
539473
539573
539673
539773
539873
539973
540073
540173
540273
540373
540473
540573
540673
540773
540873
540973
541073
541173
541273
541373
541473
541573
541673
541773
541873
541973
542073
542173
542273
542373
542473
542573
542673
542773
542873
542973
543073
543173
543273
543373
543473
543573
543673
543773
543873
543973
544073
544173
544273
544373
544473
544573
544673
544773
544873
544973
545073
545173
545273
545373
545473
545573
545673
545773
545873
545973
546073
546173
546273
546373
546473
546573
546673
546773
546873
546973
547073
547173
547273
547373
547473
547573
547673
547773
547873
547973
548073
548173
548273
548373
548473
548573
548673
548773
548873
548973
549073
549173
549273
549373
549473
549573
549673
549773
549873
549973
550073
550173
550273
550373
550473
550573
550673
550773
550873
550973
551073
551173
551273
551373
551473
551573
551673
551773
551873
551973
552073
552173
552273
552373
552473
552573
552673
552773
552873
552973
553073
553173
553273
553373
553473
553573
553673
553773
553873
553973
554073
554173
554273
554373
554473
554573
554673
554773
554873
554973
555073
555173
555273
555373
555473
555573
555673
555773
555873
555973
556073
556173
556273
556373
556473
556573
556673
556773
556873
556973
557073
557173
557273
557373
557473
557573
557673
557773
557873
557973
558073
558173
558273
558373
558473
558573
558673
558773
558873
558973
559073
559173
559273
559373
559473
559573
559673
559773
559873
559973
560073
560173
560273
560373
560473
560573
560673
560773
560873
560973
561073
561173
561273
561373
561473
561573
561673
561773
561873
561973
562073
562173
562273
562373
562473
562573
562673
562773
562873
562973
563073
563173
563273
563373
563473
563573
563673
563773
563873
563973
564073
564173
564273
564373
564473
564573
564673
564773
564873
564973
565073
565173
565273
565373
565473
565573
565673
565773
565873
565973
566073
566173
566273
566373
566473
566573
566673
566773
566873
566973
567073
567173
567273
567373
567473
567573
567673
567773
567873
567973
568073
568173
568273
568373
568473
568573
568673
568773
568873
568973
569073
569173
569273
569373
569473
569573
569673
569773
569873
569973
570073
570173
570273
570373
570473
570573
570673
570773
570873
570973
571073
571173
571273
571373
571473
571573
571673
571773
571873
571973
572073
572173
572273
572373
572473
572573
572673
572773
572873
572973
573073
573173
573273
573373
573473
573573
573673
573773
573873
573973
574073
574173
574273
574373
574473
574573
574673
574773
574873
574973
575073
575173
575273
575373
575473
575573
575673
575773
575873
575973
576073
576173
576273
576373
576473
576573
576673
576773
576873
576973
577073
577173
577273
577373
577473
577573
577673
577773
577873
577973
578073
578173
578273
578373
578473
578573
578673
578773
578873
578973
579073
579173
579273
579373
579473
579573
579673
579773
579873
579973
580073
580173
580273
580373
580473
580573
580673
580773
580873
580973
581073
581173
581273
581373
581473
581573
581673
581773
581873
581973
582073
582173
582273
582373
582473
582573
582673
582773
582873
582973
583073
583173
583273
583373
583473
583573
583673
583773
583873
583973
584073
584173
584273
584373
584473
584573
584673
584773
584873
584973
585073
585173
585273
585373
585473
585573
585673
585773
585873
585973
586073
586173
586273
586373
586473
586573
586673
586773
586873
586973
587073
587173
587273
587373
587473
587573
587673
587773
587873
587973
588073
588173
588273
588373
588473
588573
588673
588773
588873
588973
589073
589173
589273
589373
589473
589573
589673
589773
589873
589973
590073
590173
590273
590373
590473
590573
590673
590773
590873
590973
591073
591173
591273
591373
591473
591573
591673
591773
591873
591973
592073
592173
592273
592373
592473
592573
592673
592773
592873
592973
593073
593173
593273
593373
593473
593573
593673
593773
593873
593973
594073
594173
594273
594373
594473
594573
594673
594773
594873
594973
595073
595173
595273
595373
595473
595573
595673
595773
595873
595973
596073
596173
596273
596373
596473
596573
596673
596773
596873
596973
597073
597173
597273
597373
597473
597573
597673
597773
597873
597973
598073
598173
598273
598373
598473
598573
598673
598773
598873
598973
599073
599173
599273
599373
599473
599573
599673
599773
599873
599973
600073
600173
600273
600373
600473
600573
600673
600773
600873
600973
601073
601173
601273
601373
601473
601573
601673
601773
601873
601973
602073
602173
602273
602373
602473
602573
602673
602773
602873
602973
603073
603173
603273
603373
603473
603573
603673
603773
603873
603973
604073
604173
604273
604373
604473
604573
604673
604773
604873
604973
605073
605173
605273
605373
605473
605573
605673
605773
605873
605973
606073
606173
606273
606373
606473
606573
606673
606773
606873
606973
607073
607173
607273
607373
607473
607573
607673
607773
607873
607973
608073
608173
608273
608373
608473
608573
608673
608773
608873
608973
609073
609173
609273
609373
609473
609573
609673
609773
609873
609973
610073
610173
610273
610373
610473
610573
610673
610773
610873
610973
611073
611173
611273
611373
611473
611573
611673
611773
611873
611973
612073
612173
612273
612373
612473
612573
612673
612773
612873
612973
613073
613173
613273
613373
613473
613573
613673
613773
613873
613973
614073
614173
614273
614373
614473
614573
614673
614773
614873
614973
615073
615173
615273
615373
615473
615573
615673
615773
615873
615973
616073
616173
616273
616373
616473
616573
616673
616773
616873
616973
617073
617173
617273
617373
617473
617573
617673
617773
617873
617973
618073
618173
618273
618373
618473
618573
618673
618773
618873
618973
619073
619173
619273
619373
619473
619573
619673
619773
619873
619973
620073
620173
620273
620373
620473
620573
620673
620773
620873
620973
621073
621173
621273
621373
621473
621573
621673
621773
621873
621973
622073
622173
622273
622373
622473
622573
622673
622773
622873
622973
623073
623173
623273
623373
623473
623573
623673
623773
623873
623973
624073
624173
624273
624373
624473
624573
624673
624773
624873
624973
625073
625173
625273
625373
625473
625573
625673
625773
625873
625973
626073
626173
626273
626373
626473
626573
626673
626773
626873
626973
627073
627173
627273
627373
627473
627573
627673
627773
627873
627973
628073
628173
628273
628373
628473
628573
628673
628773
628873
628973
629073
629173
629273
629373
629473
629573
629673
629773
629873
629973
630073
630173
630273
630373
630473
630573
630673
630773
630873
630973
631073
631173
631273
631373
631473
631573
631673
631773
631873
631973
632073
632173
632273
632373
632473
632573
632673
632773
632873
632973
633073
633173
633273
633373
633473
633573
633673
633773
633873
633973
634073
634173
634273
634373
634473
634573
634673
634773
634873
634973
635073
635173
635273
635373
635473
635573
635673
635773
635873
635973
636073
636173
636273
636373
636473
636573
636673
636773
636873
636973
637073
637173
637273
637373
637473
637573
637673
637773
637873
637973
638073
638173
638273
638373
638473
638573
638673
638773
638873
638973
639073
639173
639273
639373
639473
639573
639673
639773
639873
639973
640073
640173
640273
640373
640473
640573
640673
640773
640873
640973
641073
641173
641273
641373
641473
641573
641673
641773
641873
641973
642073
642173
642273
642373
642473
642573
642673
642773
642873
642973
643073
643173
643273
643373
643473
643573
643673
643773
643873
643973
644073
644173
644273
644373
644473
644573
644673
644773
644873
644973
645073
645173
645273
645373
645473
645573
645673
645773
645873
645973
646073
646173
646273
646373
646473
646573
646673
646773
646873
646973
647073
647173
647273
647373
647473
647573
647673
647773
647873
647973
648073
648173
648273
648373
648473
648573
648673
648773
648873
648973
649073
649173
649273
649373
649473
649573
649673
649773
649873
649973
650073
650173
650273
650373
650473
650573
650673
650773
650873
650973
651073
651173
651273
651373
651473
651573
651673
651773
651873
651973
652073
652173
652273
652373
652473
652573
652673
652773
652873
652973
653073
653173
653273
653373
653473
653573
653673
653773
653873
653973
654073
654173
654273
654373
654473
654573
654673
654773
654873
654973
655073
655173
655273
655373
655473
655573
655673
655773
655873
655973
656073
656173
656273
656373
656473
656573
656673
656773
656873
656973
657073
657173
657273
657373
657473
657573
657673
657773
657873
657973
658073
658173
658273
658373
658473
658573
658673
658773
658873
658973
659073
659173
659273
659373
659473
659573
659673
659773
659873
659973
660073
660173
660273
660373
660473
660573
660673
660773
660873
660973
661073
661173
661273
661373
661473
661573
661673
661773
661873
661973
662073
662173
662273
662373
662473
662573
662673
662773
662873
662973
663073
663173
663273
663373
663473
663573
663673
663773
663873
663973
664073
664173
664273
664373
664473
664573
664673
664773
664873
664973
665073
665173
665273
665373
665473
665573
665673
665773
665873
665973
666073
666173
666273
666373
666473
666573
666673
666773
666873
666973
667073
667173
667273
667373
667473
667573
667673
667773
667873
667973
668073
668173
668273
668373
668473
668573
668673
668773
668873
668973
669073
669173
669273
669373
669473
669573
669673
669773
669873
669973
670073
670173
670273
670373
670473
670573
670673
670773
670873
670973
671073
671173
671273
671373
671473
671573
671673
671773
671873
671973
672073
672173
672273
672373
672473
672573
672673
672773
672873
672973
673073
673173
673273
673373
673473
673573
673673
673773
673873
673973
674073
674173
674273
674373
674473
674573
674673
674773
674873
674973
675073
675173
675273
675373
675473
675573
675673
675773
675873
675973
676073
676173
676273
676373
676473
676573
676673
676773
676873
676973
677073
677173
677273
677373
677473
677573
677673
677773
677873
677973
678073
678173
678273
678373
678473
678573
678673
678773
678873
678973
679073
679173
679273
679373
679473
679573
679673
679773
679873
679973
680073
680173
680273
680373
680473
680573
680673
680773
680873
680973
681073
681173
681273
681373
681473
681573
681673
681773
681873
681973
682073
682173
682273
682373
682473
682573
682673
682773
682873
682973
683073
683173
683273
683373
683473
683573
683673
683773
683873
683973
684073
684173
684273
684373
684473
684573
684673
684773
684873
684973
685073
685173
685273
685373
685473
685573
685673
685773
685873
685973
686073
686173
686273
686373
686473
686573
686673
686773
686873
686973
687073
687173
687273
687373
687473
687573
687673
687773
687873
687973
688073
688173
688273
688373
688473
688573
688673
688773
688873
688973
689073
689173
689273
689373
689473
689573
689673
689773
689873
689973
690073
690173
690273
690373
690473
690573
690673
690773
690873
690973
691073
691173
691273
691373
691473
691573
691673
691773
691873
691973
692073
692173
692273
692373
692473
692573
692673
692773
692873
692973
693073
693173
693273
693373
693473
693573
693673
693773
693873
693973
694073
694173
694273
694373
694473
694573
694673
694773
694873
694973
695073
695173
695273
695373
695473
695573
695673
695773
695873
695973
696073
696173
696273
696373
696473
696573
696673
696773
696873
696973
697073
697173
697273
697373
697473
697573
697673
697773
697873
697973
698073
698173
698273
698373
698473
698573
698673
698773
698873
698973
699073
699173
699273
699373
699473
699573
699673
699773
699873
699973
700073
700173
700273
700373
700473
700573
700673
700773
700873
700973
701073
701173
701273
701373
701473
701573
701673
701773
701873
701973
702073
702173
702273
702373
702473
702573
702673
702773
702873
702973
703073
703173
703273
703373
703473
703573
703673
703773
703873
703973
704073
704173
704273
704373
704473
704573
704673
704773
704873
704973
705073
705173
705273
705373
705473
705573
705673
705773
705873
705973
706073
706173
706273
706373
706473
706573
706673
706773
706873
706973
707073
707173
707273
707373
707473
707573
707673
707773
707873
707973
708073
708173
708273
708373
708473
708573
708673
708773
708873
708973
709073
709173
709273
709373
709473
709573
709673
709773
709873
709973
710073
710173
710273
710373
710473
710573
710673
710773
710873
710973
711073
711173
711273
711373
711473
711573
711673
711773
711873
711973
712073
712173
712273
712373
712473
712573
712673
712773
712873
712973
713073
713173
713273
713373
713473
713573
713673
713773
713873
713973
714073
714173
714273
714373
714473
714573
714673
714773
714873
714973
715073
715173
715273
715373
715473
715573
715673
715773
715873
715973
716073
716173
716273
716373
716473
716573
716673
716773
716873
716973
717073
717173
717273
717373
717473
717573
717673
717773
717873
717973
718073
718173
718273
718373
718473
718573
718673
718773
718873
718973
719073
719173
719273
719373
719473
719573
719673
719773
719873
719973
720073
720173
720273
720373
720473
720573
720673
720773
720873
720973
721073
721173
721273
721373
721473
721573
721673
721773
721873
721973
722073
722173
722273
722373
722473
722573
722673
722773
722873
722973
723073
723173
723273
723373
723473
723573
723673
723773
723873
723973
724073
724173
724273
724373
724473
724573
724673
724773
724873
724973
725073
725173
725273
725373
725473
725573
725673
725773
725873
725973
726073
726173
726273
726373
726473
726573
726673
726773
726873
726973
727073
727173
727273
727373
727473
727573
727673
727773
727873
727973
728073
728173
728273
728373
728473
728573
728673
728773
728873
728973
729073
729173
729273
729373
729473
729573
729673
729773
729873
729973
730073
730173
730273
730373
730473
730573
730673
730773
730873
730973
731073
731173
731273
731373
731473
731573
731673
731773
731873
731973
732073
732173
732273
732373
732473
732573
732673
732773
732873
732973
733073
733173
733273
733373
733473
733573
733673
733773
733873
733973
734073
734173
734273
734373
734473
734573
734673
734773
734873
734973
735073
735173
735273
735373
735473
735573
735673
735773
735873
735973
736073
736173
736273
736373
736473
736573
736673
736773
736873
736973
737073
737173
737273
737373
737473
737573
737673
737773
737873
737973
738073
738173
738273
738373
738473
738573
738673
738773
738873
738973
739073
739173
739273
739373
739473
739573
739673
739773
739873
739973
740073
740173
740273
740373
740473
740573
740673
740773
740873
740973
741073
741173
741273
741373
741473
741573
741673
741773
741873
741973
742073
742173
742273
742373
742473
742573
742673
742773
742873
742973
743073
743173
743273
743373
743473
743573
743673
743773
743873
743973
744073
744173
744273
744373
744473
744573
744673
744773
744873
744973
745073
745173
745273
745373
745473
745573
745673
745773
745873
745973
746073
746173
746273
746373
746473
746573
746673
746773
746873
746973
747073
747173
747273
747373
747473
747573
747673
747773
747873
747973
748073
748173
748273
748373
748473
748573
748673
748773
748873
748973
749073
749173
749273
749373
749473
749573
749673
749773
749873
749973
750073
750173
750273
750373
750473
750573
750673
750773
750873
750973
751073
751173
751273
751373
751473
751573
751673
751773
751873
751973
752073
752173
752273
752373
752473
752573
752673
752773
752873
752973
753073
753173
753273
753373
753473
753573
753673
753773
753873
753973
754073
754173
754273
754373
754473
754573
754673
754773
754873
754973
755073
755173
755273
755373
755473
755573
755673
755773
755873
755973
756073
756173
756273
756373
756473
756573
756673
756773
756873
756973
757073
757173
757273
757373
757473
757573
757673
757773
757873
757973
758073
758173
758273
758373
758473
758573
758673
758773
758873
758973
759073
759173
759273
759373
759473
759573
759673
759773
759873
759973
760073
760173
760273
760373
760473
760573
760673
760773
760873
760973
761073
761173
761273
761373
761473
761573
761673
761773
761873
761973
762073
762173
762273
762373
762473
762573
762673
762773
762873
762973
763073
763173
763273
763373
763473
763573
763673
763773
763873
763973
764073
764173
764273
764373
764473
764573
764673
764773
764873
764973
765073
765173
765273
765373
765473
765573
765673
765773
765873
765973
766073
766173
766273
766373
766473
766573
766673
766773
766873
766973
767073
767173
767273
767373
767473
767573
767673
767773
767873
767973
768073
768173
768273
768373
768473
768573
768673
768773
768873
768973
769073
769173
769273
769373
769473
769573
769673
769773
769873
769973
770073
770173
770273
770373
770473
770573
770673
770773
770873
770973
771073
771173
771273
771373
771473
771573
771673
771773
771873
771973
772073
772173
772273
772373
772473
772573
772673
772773
772873
772973
773073
773173
773273
773373
773473
773573
773673
773773
773873
773973
774073
774173
774273
774373
774473
774573
774673
774773
774873
774973
775073
775173
775273
775373
775473
775573
775673
775773
775873
775973
776073
776173
776273
776373
776473
776573
776673
776773
776873
776973
777073
777173
777273
777373
777473
777573
777673
777773
777873
777973
778073
778173
778273
778373
778473
778573
778673
778773
778873
778973
779073
779173
779273
779373
779473
779573
779673
779773
779873
779973
780073
780173
780273
780373
780473
780573
780673
780773
780873
780973
781073
781173
781273
781373
781473
781573
781673
781773
781873
781973
782073
782173
782273
782373
782473
782573
782673
782773
782873
782973
783073
783173
783273
783373
783473
783573
783673
783773
783873
783973
784073
784173
784273
784373
784473
784573
784673
784773
784873
784973
785073
785173
785273
785373
785473
785573
785673
785773
785873
785973
786073
786173
786273
786373
786473
786573
786673
786773
786873
786973
787073
787173
787273
787373
787473
787573
787673
787773
787873
787973
788073
788173
788273
788373
788473
788573
788673
788773
788873
788973
789073
789173
789273
789373
789473
789573
789673
789773
789873
789973
790073
790173
790273
790373
790473
790573
790673
790773
790873
790973
791073
791173
791273
791373
791473
791573
791673
791773
791873
791973
792073
792173
792273
792373
792473
792573
792673
792773
792873
792973
793073
793173
793273
793373
793473
793573
793673
793773
793873
793973
794073
794173
794273
794373
794473
794573
794673
794773
794873
794973
795073
795173
795273
795373
795473
795573
795673
795773
795873
795973
796073
796173
796273
796373
796473
796573
796673
796773
796873
796973
797073
797173
797273
797373
797473
797573
797673
797773
797873
797973
798073
798173
798273
798373
798473
798573
798673
798773
798873
798973
799073
799173
799273
799373
799473
799573
799673
799773
799873
799973
800073
800173
800273
800373
800473
800573
800673
800773
800873
800973
801073
801173
801273
801373
801473
801573
801673
801773
801873
801973
802073
802173
802273
802373
802473
802573
802673
802773
802873
802973
803073
803173
803273
803373
803473
803573
803673
803773
803873
803973
804073
804173
804273
804373
804473
804573
804673
804773
804873
804973
805073
805173
805273
805373
805473
805573
805673
805773
805873
805973
806073
806173
806273
806373
806473
806573
806673
806773
806873
806973
807073
807173
807273
807373
807473
807573
807673
807773
807873
807973
808073
808173
808273
808373
808473
808573
808673
808773
808873
808973
809073
809173
809273
809373
809473
809573
809673
809773
809873
809973
810073
810173
810273
810373
810473
810573
810673
810773
810873
810973
811073
811173
811273
811373
811473
811573
811673
811773
811873
811973
812073
812173
812273
812373
812473
812573
812673
812773
812873
812973
813073
813173
813273
813373
813473
813573
813673
813773
813873
813973
814073
814173
814273
814373
814473
814573
814673
814773
814873
814973
815073
815173
815273
815373
815473
815573
815673
815773
815873
815973
816073
816173
816273
816373
816473
816573
816673
816773
816873
816973
817073
817173
817273
817373
817473
817573
817673
817773
817873
817973
818073
818173
818273
818373
818473
818573
818673
818773
818873
818973
819073
819173
819273
819373
819473
819573
819673
819773
819873
819973
820073
820173
820273
820373
820473
820573
820673
820773
820873
820973
821073
821173
821273
821373
821473
821573
821673
821773
821873
821973
822073
822173
822273
822373
822473
822573
822673
822773
822873
822973
823073
823173
823273
823373
823473
823573
823673
823773
823873
823973
824073
824173
824273
824373
824473
824573
824673
824773
824873
824973
825073
825173
825273
825373
825473
825573
825673
825773
825873
825973
826073
826173
826273
826373
826473
826573
826673
826773
826873
826973
827073
827173
827273
827373
827473
827573
827673
827773
827873
827973
828073
828173
828273
828373
828473
828573
828673
828773
828873
828973
829073
829173
829273
829373
829473
829573
829673
829773
829873
829973
830073
830173
830273
830373
830473
830573
830673
830773
830873
830973
831073
831173
831273
831373
831473
831573
831673
831773
831873
831973
832073
832173
832273
832373
832473
832573
832673
832773
832873
832973
833073
833173
833273
833373
833473
833573
833673
833773
833873
833973
834073
834173
834273
834373
834473
834573
834673
834773
834873
834973
835073
835173
835273
835373
835473
835573
835673
835773
835873
835973
836073
836173
836273
836373
836473
836573
836673
836773
836873
836973
837073
837173
837273
837373
837473
837573
837673
837773
837873
837973
838073
838173
838273
838373
838473
838573
838673
838773
838873
838973
839073
839173
839273
839373
839473
839573
839673
839773
839873
839973
840073
840173
840273
840373
840473
840573
840673
840773
840873
840973
841073
841173
841273
841373
841473
841573
841673
841773
841873
841973
842073
842173
842273
842373
842473
842573
842673
842773
842873
842973
843073
843173
843273
843373
843473
843573
843673
843773
843873
843973
844073
844173
844273
844373
844473
844573
844673
844773
844873
844973
845073
845173
845273
845373
845473
845573
845673
845773
845873
845973
846073
846173
846273
846373
846473
846573
846673
846773
846873
846973
847073
847173
847273
847373
847473
847573
847673
847773
847873
847973
848073
848173
848273
848373
848473
848573
848673
848773
848873
848973
849073
849173
849273
849373
849473
849573
849673
849773
849873
849973
850073
850173
850273
850373
850473
850573
850673
850773
850873
850973
851073
851173
851273
851373
851473
851573
851673
851773
851873
851973
852073
852173
852273
852373
852473
852573
852673
852773
852873
852973
853073
853173
853273
853373
853473
853573
853673
853773
853873
853973
854073
854173
854273
854373
854473
854573
854673
854773
854873
854973
855073
855173
855273
855373
855473
855573
855673
855773
855873
855973
856073
856173
856273
856373
856473
856573
856673
856773
856873
856973
857073
857173
857273
857373
857473
857573
857673
857773
857873
857973
858073
858173
858273
858373
858473
858573
858673
858773
858873
858973
859073
859173
859273
859373
859473
859573
859673
859773
859873
859973
860073
860173
860273
860373
860473
860573
860673
860773
860873
860973
861073
861173
861273
861373
861473
861573
861673
861773
861873
861973
862073
862173
862273
862373
862473
862573
862673
862773
862873
862973
863073
863173
863273
863373
863473
863573
863673
863773
863873
863973
864073
864173
864273
864373
864473
864573
864673
864773
864873
864973
865073
865173
865273
865373
865473
865573
865673
865773
865873
865973
866073
866173
866273
866373
866473
866573
866673
866773
866873
866973
867073
867173
867273
867373
867473
867573
867673
867773
867873
867973
868073
868173
868273
868373
868473
868573
868673
868773
868873
868973
869073
869173
869273
869373
869473
869573
869673
869773
869873
869973
870073
870173
870273
870373
870473
870573
870673
870773
870873
870973
871073
871173
871273
871373
871473
871573
871673
871773
871873
871973
872073
872173
872273
872373
872473
872573
872673
872773
872873
872973
873073
873173
873273
873373
873473
873573
873673
873773
873873
873973
874073
874173
874273
874373
874473
874573
874673
874773
874873
874973
875073
875173
875273
875373
875473
875573
875673
875773
875873
875973
876073
876173
876273
876373
876473
876573
876673
876773
876873
876973
877073
877173
877273
877373
877473
877573
877673
877773
877873
877973
878073
878173
878273
878373
878473
878573
878673
878773
878873
878973
879073
879173
879273
879373
879473
879573
879673
879773
879873
879973
880073
880173
880273
880373
880473
880573
880673
880773
880873
880973
881073
881173
881273
881373
881473
881573
881673
881773
881873
881973
882073
882173
882273
882373
882473
882573
882673
882773
882873
882973
883073
883173
883273
883373
883473
883573
883673
883773
883873
883973
884073
884173
884273
884373
884473
884573
884673
884773
884873
884973
885073
885173
885273
885373
885473
885573
885673
885773
885873
885973
886073
886173
886273
886373
886473
886573
886673
886773
886873
886973
887073
887173
887273
887373
887473
887573
887673
887773
887873
887973
888073
888173
888273
888373
888473
888573
888673
888773
888873
888973
889073
889173
889273
889373
889473
889573
889673
889773
889873
889973
890073
890173
890273
890373
890473
890573
890673
890773
890873
890973
891073
891173
891273
891373
891473
891573
891673
891773
891873
891973
892073
892173
892273
892373
892473
892573
892673
892773
892873
892973
893073
893173
893273
893373
893473
893573
893673
893773
893873
893973
894073
894173
894273
894373
894473
894573
894673
894773
894873
894973
895073
895173
895273
895373
895473
895573
895673
895773
895873
895973
896073
896173
896273
896373
896473
896573
896673
896773
896873
896973
897073
897173
897273
897373
897473
897573
897673
897773
897873
897973
898073
898173
898273
898373
898473
898573
898673
898773
898873
898973
899073
899173
899273
899373
899473
899573
899673
899773
899873
899973
900073
900173
900273
900373
900473
900573
900673
900773
900873
900973
901073
901173
901273
901373
901473
901573
901673
901773
901873
901973
902073
902173
902273
902373
902473
902573
902673
902773
902873
902973
903073
903173
903273
903373
903473
903573
903673
903773
903873
903973
904073
904173
904273
904373
904473
904573
904673
904773
904873
904973
905073
905173
905273
905373
905473
905573
905673
905773
905873
905973
906073
906173
906273
906373
906473
906573
906673
906773
906873
906973
907073
907173
907273
907373
907473
907573
907673
907773
907873
907973
908073
908173
908273
908373
908473
908573
908673
908773
908873
908973
909073
909173
909273
909373
909473
909573
909673
909773
909873
909973
910073
910173
910273
910373
910473
910573
910673
910773
910873
910973
911073
911173
911273
911373
911473
911573
911673
911773
911873
911973
912073
912173
912273
912373
912473
912573
912673
912773
912873
912973
913073
913173
913273
913373
913473
913573
913673
913773
913873
913973
914073
914173
914273
914373
914473
914573
914673
914773
914873
914973
915073
915173
915273
915373
915473
915573
915673
915773
915873
915973
916073
916173
916273
916373
916473
916573
916673
916773
916873
916973
917073
917173
917273
917373
917473
917573
917673
917773
917873
917973
918073
918173
918273
918373
918473
918573
918673
918773
918873
918973
919073
919173
919273
919373
919473
919573
919673
919773
919873
919973
920073
920173
920273
920373
920473
920573
920673
920773
920873
920973
921073
921173
921273
921373
921473
921573
921673
921773
921873
921973
922073
922173
922273
922373
922473
922573
922673
922773
922873
922973
923073
923173
923273
923373
923473
923573
923673
923773
923873
923973
924073
924173
924273
924373
924473
924573
924673
924773
924873
924973
925073
925173
925273
925373
925473
925573
925673
925773
925873
925973
926073
926173
926273
926373
926473
926573
926673
926773
926873
926973
927073
927173
927273
927373
927473
927573
927673
927773
927873
927973
928073
928173
928273
928373
928473
928573
928673
928773
928873
928973
929073
929173
929273
929373
929473
929573
929673
929773
929873
929973
930073
930173
930273
930373
930473
930573
930673
930773
930873
930973
931073
931173
931273
931373
931473
931573
931673
931773
931873
931973
932073
932173
932273
932373
932473
932573
932673
932773
932873
932973
933073
933173
933273
933373
933473
933573
933673
933773
933873
933973
934073
934173
934273
934373
934473
934573
934673
934773
934873
934973
935073
935173
935273
935373
935473
935573
935673
935773
935873
935973
936073
936173
936273
936373
936473
936573
936673
936773
936873
936973
937073
937173
937273
937373
937473
937573
937673
937773
937873
937973
938073
938173
938273
938373
938473
938573
938673
938773
938873
938973
939073
939173
939273
939373
939473
939573
939673
939773
939873
939973
940073
940173
940273
940373
940473
940573
940673
940773
940873
940973
941073
941173
941273
941373
941473
941573
941673
941773
941873
941973
942073
942173
942273
942373
942473
942573
942673
942773
942873
942973
943073
943173
943273
943373
943473
943573
943673
943773
943873
943973
944073
944173
944273
944373
944473
944573
944673
944773
944873
944973
945073
945173
945273
945373
945473
945573
945673
945773
945873
945973
946073
946173
946273
946373
946473
946573
946673
946773
946873
946973
947073
947173
947273
947373
947473
947573
947673
947773
947873
947973
948073
948173
948273
948373
948473
948573
948673
948773
948873
948973
949073
949173
949273
949373
949473
949573
949673
949773
949873
949973
950073
950173
950273
950373
950473
950573
950673
950773
950873
950973
951073
951173
951273
951373
951473
951573
951673
951773
951873
951973
952073
952173
952273
952373
952473
952573
952673
952773
952873
952973
953073
953173
953273
953373
953473
953573
953673
953773
953873
953973
954073
954173
954273
954373
954473
954573
954673
954773
954873
954973
955073
955173
955273
955373
955473
955573
955673
955773
955873
955973
956073
956173
956273
956373
956473
956573
956673
956773
956873
956973
957073
957173
957273
957373
957473
957573
957673
957773
957873
957973
958073
958173
958273
958373
958473
958573
958673
958773
958873
958973
959073
959173
959273
959373
959473
959573
959673
959773
959873
959973
960073
960173
960273
960373
960473
960573
960673
960773
960873
960973
961073
961173
961273
961373
961473
961573
961673
961773
961873
961973
962073
962173
962273
962373
962473
962573
962673
962773
962873
962973
963073
963173
963273
963373
963473
963573
963673
963773
963873
963973
964073
964173
964273
964373
964473
964573
964673
964773
964873
964973
965073
965173
965273
965373
965473
965573
965673
965773
965873
965973
966073
966173
966273
966373
966473
966573
966673
966773
966873
966973
967073
967173
967273
967373
967473
967573
967673
967773
967873
967973
968073
968173
968273
968373
968473
968573
968673
968773
968873
968973
969073
969173
969273
969373
969473
969573
969673
969773
969873
969973
970073
970173
970273
970373
970473
970573
970673
970773
970873
970973
971073
971173
971273
971373
971473
971573
971673
971773
971873
971973
972073
972173
972273
972373
972473
972573
972673
972773
972873
972973
973073
973173
973273
973373
973473
973573
973673
973773
973873
973973
974073
974173
974273
974373
974473
974573
974673
974773
974873
974973
975073
975173
975273
975373
975473
975573
975673
975773
975873
975973
976073
976173
976273
976373
976473
976573
976673
976773
976873
976973
977073
977173
977273
977373
977473
977573
977673
977773
977873
977973
978073
978173
978273
978373
978473
978573
978673
978773
978873
978973
979073
979173
979273
979373
979473
979573
979673
979773
979873
979973
980073
980173
980273
980373
980473
980573
980673
980773
980873
980973
981073
981173
981273
981373
981473
981573
981673
981773
981873
981973
982073
982173
982273
982373
982473
982573
982673
982773
982873
982973
983073
983173
983273
983373
983473
983573
983673
983773
983873
983973
984073
984173
984273
984373
984473
984573
984673
984773
984873
984973
985073
985173
985273
985373
985473
985573
985673
985773
985873
985973
986073
986173
986273
986373
986473
986573
986673
986773
986873
986973
987073
987173
987273
987373
987473
987573
987673
987773
987873
987973
988073
988173
988273
988373
988473
988573
988673
988773
988873
988973
989073
989173
989273
989373
989473
989573
989673
989773
989873
989973
990073
990173
990273
990373
990473
990573
990673
990773
990873
990973
991073
991173
991273
991373
991473
991573
991673
991773
991873
991973
992073
992173
992273
992373
992473
992573
992673
992773
992873
992973
993073
993173
993273
993373
993473
993573
993673
993773
993873
993973
994073
994173
994273
994373
994473
994573
994673
994773
994873
994973
995073
995173
995273
995373
995473
995573
995673
995773
995873
995973
996073
996173
996273
996373
996473
996573
996673
996773
996873
996973
997073
997173
997273
997373
997473
997573
997673
997773
997873
997973
998073
998173
998273
998373
998473
998573
998673
998773
998873
998973
999073
999173
999273
999373
999473
999573
999673
999773
999873
999973